#time    band  flux        fluxerr      zp     zpsys redshift
53644.2  sdssg  0.00121619   5.50515e-05  0  ab  0.2511
53648.3  sdssg  0.00104699   8.03718e-05  0  ab  0.2511
53654.2  sdssg  0.000865288  9.38148e-05  0  ab  0.2511
53655.2  sdssg  0.00110675   0.000199462  0  ab  0.2511
53656.2  sdssg  0.00109245   0.000254559  0  ab  0.2511
53663.2  sdssg  0.000656644  0.000110645  0  ab  0.2511
53664.2  sdssg  0.000853245  0.000200064  0  ab  0.2511
53666.2  sdssg  0.000433397  5.02794e-05  0  ab  0.2511
53668.2  sdssg  0.00023258   6.67633e-05  0  ab  0.2511
53669.2  sdssg  0.00037815   4.81569e-05  0  ab  0.2511
53670.2  sdssg  0.000237698  5.07913e-05  0  ab  0.2511
53671.2  sdssg  0.000209548  0.000122312  0  ab  0.2511
53673.2  sdssg  0.000298365  5.97783e-05  0  ab  0.2511
53674.1  sdssg  0.000139804  5.39375e-05  0  ab  0.2511
53675.1  sdssg  0.000200967  5.27332e-05  0  ab  0.2511
53676.2  sdssg  0.000197505  4.75547e-05  0  ab  0.2511
53677.2  sdssg  0.000164838  4.78257e-05  0  ab  0.2511
53679.2  sdssg  0.000196602  8.57009e-05  0  ab  0.2511
53680.2  sdssg  9.95804e-05  6.15998e-05  0  ab  0.2511
53681.2  sdssg  8.56858e-05  5.34106e-05  0  ab  0.2511
53644.2  sdssr  0.00161596   7.75769e-05  0  ab  0.2511
53648.2  sdssr  0.00167168   0.000126558  0  ab  0.2511
53654.2  sdssr  0.00158198   0.000129997  0  ab  0.2511
53655.2  sdssr  0.00115699   0.000183205  0  ab  0.2511
53656.2  sdssr  0.00157247   0.000276031  0  ab  0.2511
53663.2  sdssr  0.000885855  0.000111119  0  ab  0.2511
53664.2  sdssr  0.00106852   0.000198971  0  ab  0.2511
53666.2  sdssr  0.000774817  8.37335e-05  0  ab  0.2511
53668.2  sdssr  0.000957751  0.000120864  0  ab  0.2511
53669.2  sdssr  0.000672342  8.92786e-05  0  ab  0.2511
53670.2  sdssr  0.000650053  9.37093e-05  0  ab  0.2511
53671.2  sdssr  0.000404329  0.000150451  0  ab  0.2511
53673.1  sdssr  0.000736083  0.00012153   0  ab  0.2511
53674.1  sdssr  0.000663508  9.06241e-05  0  ab  0.2511
53675.1  sdssr  0.000679953  0.000116311  0  ab  0.2511
53676.2  sdssr  0.000440209  8.5215e-05   0  ab  0.2511
53677.2  sdssr  0.000490088  7.8936e-05   0  ab  0.2511
53679.2  sdssr  0.000492942  0.00012838   0  ab  0.2511
53680.2  sdssr  0.000623822  0.00010291   0  ab  0.2511
53681.2  sdssr  0.000441976  8.84632e-05  0  ab  0.2511
53654.2  sdssi  0.000990144  0.000145312  0  ab  0.2511
53655.2  sdssi  0.00112624   0.000169184  0  ab  0.2511
53656.2  sdssi  0.000830568  0.000201971  0  ab  0.2511
53663.2  sdssi  0.000570948  0.000104007  0  ab  0.2511
53664.2  sdssi  0.000488733  0.000154029  0  ab  0.2511
53666.2  sdssi  0.000480907  9.98465e-05  0  ab  0.2511
53668.2  sdssi  0.000365807  0.000141647  0  ab  0.2511
53669.2  sdssi  0.000389679  0.000100441  0  ab  0.2511
53670.2  sdssi  0.000591749  9.86776e-05  0  ab  0.2511
53671.2  sdssi  0.000782428  0.000163538  0  ab  0.2511
53673.1  sdssi  0.000498638  0.000109455  0  ab  0.2511
53674.1  sdssi  0.00036442   0.000102719  0  ab  0.2511
53675.1  sdssi  0.000482294  0.000117181  0  ab  0.2511
53676.2  sdssi  0.000519935  8.82473e-05  0  ab  0.2511
53677.2  sdssi  0.00027537   8.88614e-05  0  ab  0.2511
53679.2  sdssi  0.000379278  0.000122332  0  ab  0.2511
53680.2  sdssi  0.000511614  0.000108266  0  ab  0.2511
53681.2  sdssi  0.000556585  9.04463e-05  0  ab  0.2511
53685.2  sdssi  0.000531821  0.000201476  0  ab  0.2511
53686.2  sdssi  0.000290228  0.000286365  0  ab  0.2511
53687.2  sdssi  0.000114705  0.000163835  0  ab  0.2511