#time    band  flux        fluxerr      zp     zpsys redshift
53654.3  sdssg  0.0337956   0.000186817  0  ab  0.06283
53655.3  sdssg  0.0340515   0.000564515  0  ab  0.06283
53663.3  sdssg  0.0317784   0.000234085  0  ab  0.06283
53664.3  sdssg  0.028587    0.000342171  0  ab  0.06283
53666.4  sdssg  0.0259225   0.000405848  0  ab  0.06283
53668.3  sdssg  0.0225505   0.000290838  0  ab  0.06283
53669.3  sdssg  0.0205935   0.000151742  0  ab  0.06283
53670.3  sdssg  0.0196301   0.00019886   0  ab  0.06283
53671.4  sdssg  0.0171612   0.000189677  0  ab  0.06283
53673.3  sdssg  0.0146172   0.000134625  0  ab  0.06283
53674.3  sdssg  0.013869    0.000166043  0  ab  0.06283
53675.3  sdssg  0.0122026   0.000303483  0  ab  0.06283
53676.4  sdssg  0.0109155   0.000160924  0  ab  0.06283
53677.3  sdssg  0.0107965   0.000119331  0  ab  0.06283
53679.3  sdssg  0.00853546  0.000149393  0  ab  0.06283
53680.3  sdssg  0.00825697  0.000136914  0  ab  0.06283
53681.3  sdssg  0.00755848  0.000208946  0  ab  0.06283
53685.3  sdssg  0.00573396  0.000237698  0  ab  0.06283
53693.3  sdssg  0.00376042  0.000232128  0  ab  0.06283
53697.3  sdssg  0.00314171  0.000133165  0  ab  0.06283
53698.3  sdssg  0.00324709  0.000125684  0  ab  0.06283
53699.3  sdssg  0.00309053  0.000122432  0  ab  0.06283
53655.3  sdssr  0.0280788   0.00038802   0  ab  0.06283
53663.3  sdssr  0.030797    0.000936005  0  ab  0.06283
53664.3  sdssr  0.0278342   0.000410038  0  ab  0.06283
53666.4  sdssr  0.0267469   0.000246403  0  ab  0.06283
53668.3  sdssr  0.0248985   0.000321017  0  ab  0.06283
53669.3  sdssr  0.0229822   0.000232812  0  ab  0.06283
53670.3  sdssr  0.0230638   0.000446053  0  ab  0.06283
53671.4  sdssr  0.0212834   0.000509659  0  ab  0.06283
53673.3  sdssr  0.0207941   0.000210795  0  ab  0.06283
53674.3  sdssr  0.018538    0.000290302  0  ab  0.06283
53675.3  sdssr  0.0182798   0.000286224  0  ab  0.06283
53676.4  sdssr  0.0180215   0.000315309  0  ab  0.06283
53677.3  sdssr  0.017641    0.000146238  0  ab  0.06283
53679.3  sdssr  0.0152218   0.000238384  0  ab  0.06283
53680.3  sdssr  0.0154936   0.000156975  0  ab  0.06283
53681.3  sdssr  0.0142161   0.000366683  0  ab  0.06283
53685.3  sdssr  0.0122481   0.000360974  0  ab  0.06283
53693.3  sdssr  0.0105017   0.000280516  0  ab  0.06283
53697.3  sdssr  0.00744781  0.000178449  0  ab  0.06283
53698.3  sdssr  0.00760819  0.000147189  0  ab  0.06283
53699.3  sdssr  0.00751033  0.000159149  0  ab  0.06283
53700.3  sdssr  0.00654674  0.000211067  0  ab  0.06283
53654.3  sdssi  0.0159279   0.000190778  0  ab  0.06283
53655.3  sdssi  0.0142242   0.000248923  0  ab  0.06283
53663.3  sdssi  0.0148878   0.000356396  0  ab  0.06283
53664.3  sdssi  0.0126987   0.000210589  0  ab  0.06283
53666.4  sdssi  0.0119558   0.000165123  0  ab  0.06283
53668.3  sdssi  0.0109158   0.000221089  0  ab  0.06283
53669.3  sdssi  0.0097073   0.000125204  0  ab  0.06283
53670.3  sdssi  0.00971621  0.000196919  0  ab  0.06283
53671.4  sdssi  0.00995493  0.000165024  0  ab  0.06283
53673.3  sdssi  0.0098331   0.000135902  0  ab  0.06283
53674.3  sdssi  0.00901689  0.000182755  0  ab  0.06283
53675.3  sdssi  0.00924471  0.000144718  0  ab  0.06283
53676.4  sdssi  0.00965381  0.000186717  0  ab  0.06283
53677.3  sdssi  0.00977862  0.000126096  0  ab  0.06283
53679.3  sdssi  0.00906741  0.000208806  0  ab  0.06283
53680.3  sdssi  0.00953891  0.000123025  0  ab  0.06283
53681.3  sdssi  0.00820069  0.000287059  0  ab  0.06283
53685.3  sdssi  0.00814819  0.000247734  0  ab  0.06283
53693.3  sdssi  0.00778862  0.000222376  0  ab  0.06283
53697.3  sdssi  0.00570452  0.000126096  0  ab  0.06283
53698.3  sdssi  0.00590263  0.000135902  0  ab  0.06283
53699.3  sdssi  0.00598485  0.000132336  0  ab  0.06283