#time    band  flux        fluxerr      zp     zpsys redshift
53643.5  sdssg   0.00340666   0.000131856  0  ab  0.15648
53644.4  sdssg   0.00369418   9.19181e-05  0  ab  0.15648
53646.5  sdssg   0.00370472   0.000112647  0  ab  0.15648
53657.3  sdssg   0.00320644   0.00049045   0  ab  0.15648
53657.4  sdssg   0.00132518   0.000167699  0  ab  0.15648
53663.4  sdssg   0.000801912  0.000197806  0  ab  0.15648
53663.5  sdssg   0.00123998   0.000244021  0  ab  0.15648
53664.4  sdssg   0.00123998   0.000179892  0  ab  0.15648
53665.5  sdssg   0.000747267  0.000161677  0  ab  0.15648
53666.5  sdssg   0.00037559   0.000126767  0  ab  0.15648
53668.4  sdssg   0.000514235  0.000150327  0  ab  0.15648
53668.5  sdssg   0.000576859  0.000158967  0  ab  0.15648
53669.4  sdssg   0.00031372   0.000126948  0  ab  0.15648
53669.5  sdssg   0.000249741  0.000130185  0  ab  0.15648
53670.4  sdssg   0.00054344   0.000149935  0  ab  0.15648
53670.5  sdssg   0.000438214  0.000128935  0  ab  0.15648
53671.5  sdssg   0.000376644  0.000108853  0  ab  0.15648
53673.4  sdssg   0.000331182  6.44751e-05  0  ab  0.15648
53674.4  sdssg   0.000258774  0.000105542  0  ab  0.15648
53675.4  sdssg   0.000418494  8.22536e-05  0  ab  0.15648
53676.4  sdssg   0.000310107  8.61374e-05  0  ab  0.15648
53679.4  sdssg   1.52494e-05  0.00010366   0  ab  0.15648
53680.4  sdssg  -2.1858e-05   7.88966e-05  0  ab  0.15648
53681.4  sdssg   0.000348644  8.66191e-05  0  ab  0.15648
53683.4  sdssg   0.000287075  0.00019329   0  ab  0.15648
53641.4  sdssr   0.00293156   0.000191904  0  ab  0.15648
53643.4  sdssr   0.00336375   0.000161188  0  ab  0.15648
53644.4  sdssr   0.00396311   0.000124139  0  ab  0.15648
53646.5  sdssr   0.00311503   0.000137812  0  ab  0.15648
53657.3  sdssr   0.00132076   0.000352956  0  ab  0.15648
53657.4  sdssr   0.00284593   0.000249257  0  ab  0.15648
53663.4  sdssr   0.00211746   0.000210931  0  ab  0.15648
53663.5  sdssr   0.00184564   0.000223027  0  ab  0.15648
53664.4  sdssr   0.0020332    0.000178177  0  ab  0.15648
53665.5  sdssr   0.00161188   0.00017573   0  ab  0.15648
53666.5  sdssr   0.00201961   0.000171381  0  ab  0.15648
53668.4  sdssr   0.00138763   0.000187147  0  ab  0.15648
53668.5  sdssr   0.00131832   0.000190137  0  ab  0.15648
53669.4  sdssr   0.00127754   0.000164178  0  ab  0.15648
53669.5  sdssr   0.000983845  0.000195301  0  ab  0.15648
53670.4  sdssr   0.00164042   0.000150044  0  ab  0.15648
53670.5  sdssr   0.00122196   0.000166217  0  ab  0.15648
53671.4  sdssr   0.00100967   0.000146102  0  ab  0.15648
53673.4  sdssr   0.00159149   0.000114666  0  ab  0.15648
53674.3  sdssr   0.00118961   0.000147597  0  ab  0.15648
53675.3  sdssr   0.00143656   0.000138084  0  ab  0.15648
53676.4  sdssr   0.000814775  0.000129657  0  ab  0.15648
53679.4  sdssr   0.000465217  0.000174099  0  ab  0.15648
53680.4  sdssr   0.00169614   0.000147189  0  ab  0.15648
53681.4  sdssr   0.000625589  0.00013368   0  ab  0.15648
53683.4  sdssr   0.000830812  0.000374022  0  ab  0.15648
53657.3  sdssi   0.00461988   0.000498044  0  ab  0.15648
53657.4  sdssi   0.000728146  0.000228716  0  ab  0.15648
53663.4  sdssi   0.00133426   0.000212372  0  ab  0.15648
53663.5  sdssi   0.00134714   0.000204349  0  ab  0.15648
53664.4  sdssi   0.00154326   0.000172552  0  ab  0.15648
53665.5  sdssi   0.00145609   0.000174929  0  ab  0.15648
53666.5  sdssi   0.00119261   0.000134813  0  ab  0.15648
53668.4  sdssi   0.000582933  0.000196721  0  ab  0.15648
53668.5  sdssi   0.00172552   0.000221485  0  ab  0.15648
53669.4  sdssi   0.000780249  0.000163142  0  ab  0.15648
53669.5  sdssi   0.000752316  0.000179189  0  ab  0.15648
53670.4  sdssi   0.000571443  0.00016126   0  ab  0.15648
53670.5  sdssi   0.000716656  0.000166213  0  ab  0.15648
53671.4  sdssi   0.000963004  0.000157496  0  ab  0.15648
53673.4  sdssi   0.000997474  0.000118568  0  ab  0.15648
53674.3  sdssi   0.000510624  0.000168689  0  ab  0.15648
53675.4  sdssi   0.000922689  0.000139864  0  ab  0.15648
53676.4  sdssi   0.00088069   0.000142638  0  ab  0.15648
53679.4  sdssi   0.000236442  0.000202566  0  ab  0.15648
53680.4  sdssi   0.00100738   0.000145015  0  ab  0.15648
53681.4  sdssi   0.00100144   0.000142242  0  ab  0.15648
53683.4  sdssi  -0.000239513  0.00047229   0  ab  0.15648
53686.4  sdssi   4.90912e-05  0.000188599  0  ab  0.15648
53687.3  sdssi   0.00082205   0.000248229  0  ab  0.15648
53687.4  sdssi  -0.000262295  0.000281512  0  ab  0.15648