#time    band  flux        fluxerr      zp     zpsys redshift
53663.3  sdssg   1.69354     0.170408   0  ab  0.2517
53664.3  sdssg   1.84258     0.282107   0  ab  0.2517
53666.4  sdssg   1.60473     0.131735   0  ab  0.2517
53668.3  sdssg   1.26542     0.0923396  0  ab  0.2517
53669.3  sdssg   1.28664     0.0867546  0  ab  0.2517
53670.3  sdssg   1.2737      0.0823439  0  ab  0.2517
53671.4  sdssg   1.40331     0.101056   0  ab  0.2517
53673.3  sdssg   1.11699     0.0640235  0  ab  0.2517
53674.3  sdssg   1.05873     0.08126    0  ab  0.2517
53675.3  sdssg   0.968707    0.0699396  0  ab  0.2517
53676.4  sdssg   1.0935      0.0768342  0  ab  0.2517
53677.3  sdssg   0.861976    0.0551267  0  ab  0.2517
53679.3  sdssg   0.722729    0.0872966  0  ab  0.2517
53680.3  sdssg   0.686751    0.0574751  0  ab  0.2517
53681.3  sdssg   0.644601    0.0600192  0  ab  0.2517
53685.3  sdssg   0.285118    0.194344   0  ab  0.2517
53693.3  sdssg   0.186215    0.159118   0  ab  0.2517
53663.3  sdssr   1.87962     0.131818   0  ab  0.2517
53664.3  sdssr   1.22536     0.223299   0  ab  0.2517
53666.4  sdssr   1.72604     0.114762   0  ab  0.2517
53668.3  sdssr   1.67032     0.112573   0  ab  0.2517
53669.3  sdssr   1.53713     0.10079    0  ab  0.2517
53670.3  sdssr   1.48956     0.0976914  0  ab  0.2517
53671.4  sdssr   1.59557     0.125308   0  ab  0.2517
53673.3  sdssr   1.53441     0.0793573  0  ab  0.2517
53674.3  sdssr   1.495       0.103576   0  ab  0.2517
53675.3  sdssr   1.39986     0.103522   0  ab  0.2517
53676.4  sdssr   1.3985      0.1073     0  ab  0.2517
53677.3  sdssr   1.26572     0.0772779  0  ab  0.2517
53679.3  sdssr   1.26341     0.158878   0  ab  0.2517
53680.3  sdssr   1.15278     0.0832443  0  ab  0.2517
53681.3  sdssr   1.045       0.116229   0  ab  0.2517
53685.3  sdssr   0.894145    0.183613   0  ab  0.2517
53693.3  sdssr   0.747771    0.160373   0  ab  0.2517
53697.3  sdssr   0.47772     0.114218   0  ab  0.2517
53663.3  sdssi   1.13021     0.0995493  0  ab  0.2517
53664.3  sdssi   1.53336     0.240899   0  ab  0.2517
53666.4  sdssi   1.15497     0.0877619  0  ab  0.2517
53668.3  sdssi   1.21341     0.119063   0  ab  0.2517
53669.3  sdssi   1.10742     0.116091   0  ab  0.2517
53670.3  sdssi   1.06879     0.0971225  0  ab  0.2517
53671.4  sdssi   1.24808     0.108662   0  ab  0.2517
53673.3  sdssi   1.08662     0.0775791  0  ab  0.2517
53674.3  sdssi   1.15101     0.0991531  0  ab  0.2517
53675.3  sdssi   0.979248    0.108266   0  ab  0.2517
53676.4  sdssi   1.03214     0.0795206  0  ab  0.2517
53677.3  sdssi   0.886534    0.0701105  0  ab  0.2517
53679.3  sdssi   1.03511     0.138379   0  ab  0.2517
53680.3  sdssi   0.836809    0.0834134  0  ab  0.2517
53681.3  sdssi   0.908227    0.0853153  0  ab  0.2517
53685.3  sdssi   0.67119     0.135308   0  ab  0.2517
53693.3  sdssi   0.612154    0.108266   0  ab  0.2517
53697.3  sdssi   0.696845    0.105691   0  ab  0.2517
53698.3  sdssi   0.55916     0.0882175  0  ab  0.2517
53699.3  sdssi   0.437918    0.0907335  0  ab  0.2517
53700.3  sdssi   0.354911    0.133723   0  ab  0.2517
