#time    band  flux        fluxerr      zp     zpsys redshift
53663.3  sdssg   1.25849      0.17086    0  ab  0.253
53664.3  sdssg   1.85914      0.210903   0  ab  0.253
53666.4  sdssg   1.37004      0.140406   0  ab  0.253
53668.3  sdssg   1.35499      0.120099   0  ab  0.253
53669.3  sdssg   1.21167      0.0615697  0  ab  0.253
53670.3  sdssg   1.09757      0.0700149  0  ab  0.253
53671.4  sdssg   1.0509       0.102049   0  ab  0.253
53673.3  sdssg   1.0241       0.0577913  0  ab  0.253
53674.3  sdssg   0.867697     0.0900514  0  ab  0.253
53675.3  sdssg   0.787912     0.0592214  0  ab  0.253
53676.4  sdssg   0.807181     0.0666278  0  ab  0.253
53677.3  sdssg   0.79589      0.0598085  0  ab  0.253
53679.3  sdssg   0.620966     0.0862428  0  ab  0.253
53680.3  sdssg   0.601547     0.0583633  0  ab  0.253
53681.3  sdssg   0.566773     0.0619461  0  ab  0.253
53685.3  sdssg   0.397268     0.172064   0  ab  0.253
53686.3  sdssg  -0.0405246    0.323655   0  ab  0.253
53693.3  sdssg  -0.0502192    0.172064   0  ab  0.253
53697.3  sdssg   0.215569     0.118473   0  ab  0.253
53698.3  sdssg   0.0333741    0.0587246  0  ab  0.253
53663.3  sdssr   1.69207      0.135895   0  ab  0.253
53664.3  sdssr   1.58878      0.333113   0  ab  0.253
53666.4  sdssr   1.53305      0.130255   0  ab  0.253
53668.3  sdssr   1.57383      0.11487    0  ab  0.253
53669.3  sdssr   1.60509      0.0800504  0  ab  0.253
53670.3  sdssr   1.57519      0.114965   0  ab  0.253
53671.4  sdssr   1.43792      0.126246   0  ab  0.253
53673.3  sdssr   1.28584      0.0856227  0  ab  0.253
53674.3  sdssr   1.33789      0.118757   0  ab  0.253
53675.3  sdssr   1.27034      0.0928395  0  ab  0.253
53676.4  sdssr   1.22998      0.126314   0  ab  0.253
53677.3  sdssr   1.04691      0.0737442  0  ab  0.253
53679.3  sdssr   1.14857      0.133979   0  ab  0.253
53680.3  sdssr   1.08143      0.0801591  0  ab  0.253
53681.3  sdssr   0.8671       0.0749538  0  ab  0.253
53685.3  sdssr   0.94715      0.174099   0  ab  0.253
53686.3  sdssr   0.878516     0.276711   0  ab  0.253
53693.3  sdssr   0.257548     0.140394   0  ab  0.253
53697.3  sdssr   0.0766799    0.14053    0  ab  0.253
53698.3  sdssr   0.270867     0.0778215  0  ab  0.253
53700.3  sdssr   0.163634     0.124465   0  ab  0.253
53666.4  sdssi   1.19459      0.0895944  0  ab  0.253
53668.3  sdssi   1.28869      0.108464   0  ab  0.253
53669.3  sdssi   1.23719      0.074449   0  ab  0.253
53670.3  sdssi   1.25997      0.100342   0  ab  0.253
53671.4  sdssi   0.913278     0.0968154  0  ab  0.253
53673.3  sdssi   0.998465     0.0741717  0  ab  0.253
53674.3  sdssi   1.11238      0.112327   0  ab  0.253
53675.3  sdssi   0.963895     0.0805904  0  ab  0.253
53676.4  sdssi   0.98747      0.0733594  0  ab  0.253
53677.3  sdssi   0.709326     0.0663761  0  ab  0.253
53679.3  sdssi   0.55817      0.123421   0  ab  0.253
53680.3  sdssi   0.747462     0.0719331  0  ab  0.253
53681.3  sdssi   0.725373     0.0630875  0  ab  0.253
53685.3  sdssi   0.718043     0.111535   0  ab  0.253
53686.3  sdssi   0.664256     0.176316   0  ab  0.253
53693.3  sdssi   0.715963     0.107176   0  ab  0.253
53697.3  sdssi   0.295874     0.109752   0  ab  0.253
53698.3  sdssi   0.416126     0.0713486  0  ab  0.253
53700.3  sdssi   0.260116     0.111238   0  ab  0.253
53704.3  sdssi   0.546679     0.116884   0  ab  0.253
