#time    band  flux        fluxerr      zp     zpsys redshift
53663.3  sdssg   4.86235      0.246279   0  ab  0.13
53664.3  sdssg   4.67268      0.344429   0  ab  0.13
53666.4  sdssg   4.86235      0.152344   0  ab  0.13
53668.3  sdssg   4.80364      0.146051   0  ab  0.13
53669.3  sdssg   4.88945      0.108101   0  ab  0.13
53670.3  sdssg   4.67268      0.116245   0  ab  0.13
53671.4  sdssg   4.60042      0.105963   0  ab  0.13
53673.3  sdssg   4.063        0.101056   0  ab  0.13
53674.3  sdssg   3.94107      0.101658   0  ab  0.13
53675.3  sdssg   3.63397      0.154      0  ab  0.13
53676.3  sdssg   3.46687      0.0926406  0  ab  0.13
53677.3  sdssg   3.07548      0.0906987  0  ab  0.13
53679.3  sdssg   2.65397      0.107634   0  ab  0.13
53680.3  sdssg   2.4086       0.0821783  0  ab  0.13
53681.3  sdssg   2.29419      0.0972922  0  ab  0.13
53685.3  sdssg   1.64537      0.279247   0  ab  0.13
53693.3  sdssg   0.843912     0.159569   0  ab  0.13
53697.3  sdssg   0.642794     0.0957718  0  ab  0.13
53698.3  sdssg   0.473891     0.0841804  0  ab  0.13
53699.3  sdssg   0.504149     0.0775267  0  ab  0.13
53700.3  sdssg   0.627439     0.094703   0  ab  0.13
53704.2  sdssg   0.447848     0.10083    0  ab  0.13
53705.2  sdssg   0.48473      0.0782794  0  ab  0.13
53664.3  sdssr   5.27191      0.262304   0  ab  0.13
53666.4  sdssr   6.20017      0.159965   0  ab  0.13
53668.3  sdssr   5.84001      0.156024   0  ab  0.13
53669.3  sdssr   6.25182      0.120945   0  ab  0.13
53670.3  sdssr   5.84545      0.145423   0  ab  0.13
53671.4  sdssr   5.62935      0.16078    0  ab  0.13
53673.3  sdssr   5.48121      0.131275   0  ab  0.13
53674.3  sdssr   5.17134      0.15249    0  ab  0.13
53675.3  sdssr   5.11969      0.132063   0  ab  0.13
53676.3  sdssr   4.80031      0.123813   0  ab  0.13
53677.3  sdssr   4.47956      0.119681   0  ab  0.13
53679.3  sdssr   3.98078      0.168799   0  ab  0.13
53680.3  sdssr   3.5581       0.124588   0  ab  0.13
53681.3  sdssr   3.58664      0.145423   0  ab  0.13
53685.3  sdssr   2.68013      0.2744     0  ab  0.13
53693.3  sdssr   2.20716      0.154664   0  ab  0.13
53697.3  sdssr   2.10523      0.128189   0  ab  0.13
53698.3  sdssr   2.23706      0.130011   0  ab  0.13
53699.3  sdssr   1.95709      0.117398   0  ab  0.13
53700.3  sdssr   1.58062      0.147325   0  ab  0.13
53704.2  sdssr   1.75323      0.179672   0  ab  0.13
53705.2  sdssr   1.4284       0.112234   0  ab  0.13
53663.3  sdssi   3.38963      0.131247   0  ab  0.13
53664.3  sdssi   3.58576      0.271012   0  ab  0.13
53666.4  sdssi   3.13704      0.130157   0  ab  0.13
53668.3  sdssi   3.08256      0.156307   0  ab  0.13
53669.3  sdssi   3.65212      0.127879   0  ab  0.13
53670.3  sdssi   3.10832      0.126096   0  ab  0.13
53671.4  sdssi   3.41142      0.144619   0  ab  0.13
53673.3  sdssi   3.09148      0.125402   0  ab  0.13
53674.3  sdssi   2.86365      0.142539   0  ab  0.13
53675.3  sdssi   2.75469      0.147293   0  ab  0.13
53676.3  sdssi   2.89535      0.120153   0  ab  0.13
53677.3  sdssi   2.58234      0.107176   0  ab  0.13
53679.3  sdssi   2.34659      0.170967   0  ab  0.13
53680.3  sdssi   2.09697      0.121836   0  ab  0.13
53681.3  sdssi   1.66609      0.220098   0  ab  0.13
53685.3  sdssi   2.2307       0.238621   0  ab  0.13
53693.3  sdssi   1.83943      0.156208   0  ab  0.13
53697.3  sdssi   1.67104      0.132732   0  ab  0.13
53698.3  sdssi   1.76415      0.135209   0  ab  0.13
53699.3  sdssi   1.69581      0.114308   0  ab  0.13
53700.3  sdssi   1.58685      0.156803   0  ab  0.13
53704.2  sdssi   1.06582      0.224357   0  ab  0.13
53705.2  sdssi   1.3303       0.114506   0  ab  0.13
