#time    band  flux        fluxerr      zp     zpsys redshift
53663.3  sdssg  0.0620063   0.00074245   0  ab  0.04594
53664.4  sdssg  0.062759    0.000404644  0  ab  0.04594
53665.4  sdssg  0.065288    0.00120279   0  ab  0.04594
53666.4  sdssg  0.0644601   0.000831116  0  ab  0.04594
53668.3  sdssg  0.0664471   0.00214215   0  ab  0.04594
53669.3  sdssg  0.0632256   0.000873417  0  ab  0.04594
53669.4  sdssg  0.0631654   0.000581827  0  ab  0.04594
53670.3  sdssg  0.0633461   0.000816665  0  ab  0.04594
53671.4  sdssg  0.0597633   0.000605461  0  ab  0.04594
53673.3  sdssg  0.0568128   0.000680278  0  ab  0.04594
53674.3  sdssg  0.0526278   0.000581676  0  ab  0.04594
53675.3  sdssg  0.0503096   0.000509719  0  ab  0.04594
53676.4  sdssg  0.0481418   0.000709332  0  ab  0.04594
53677.3  sdssg  0.0443483   0.000367612  0  ab  0.04594
53679.4  sdssg  0.0377096   0.00156258   0  ab  0.04594
53680.3  sdssg  0.0355569   0.000425719  0  ab  0.04594
53681.4  sdssg  0.0331182   0.000213462  0  ab  0.04594
53684.3  sdssg  0.0244774   0.000586343  0  ab  0.04594
53686.3  sdssg  0.0219784   0.000303634  0  ab  0.04594
53687.4  sdssg  0.021858    0.000946277  0  ab  0.04594
53693.3  sdssg  0.0125789   0.000278042  0  ab  0.04594
53697.3  sdssg  0.00972019  0.000170107  0  ab  0.04594
53698.3  sdssg  0.00877482  0.000169806  0  ab  0.04594
53700.3  sdssg  0.00786407  0.000123139  0  ab  0.04594
53704.3  sdssg  0.00640988  0.000118081  0  ab  0.04594
53705.3  sdssg  0.00592214  0.00020187   0  ab  0.04594
53664.4  sdssr  0.0514416   0.00061594   0  ab  0.04594
53665.4  sdssr  0.0501776   0.0010166    0  ab  0.04594
53666.4  sdssr  0.0561984   0.00067275   0  ab  0.04594
53668.3  sdssr  0.0561984   0.00119043   0  ab  0.04594
53669.3  sdssr  0.0539559   0.000596369  0  ab  0.04594
53669.4  sdssr  0.0562392   0.000828773  0  ab  0.04594
53670.3  sdssr  0.0569731   0.0027807    0  ab  0.04594
53671.4  sdssr  0.0523386   0.00255509   0  ab  0.04594
53673.3  sdssr  0.053222    0.00034317   0  ab  0.04594
53674.3  sdssr  0.049036    0.000587127  0  ab  0.04594
53675.3  sdssr  0.0487098   0.00112179   0  ab  0.04594
53676.4  sdssr  0.044184    0.000325502  0  ab  0.04594
53677.3  sdssr  0.0447548   0.000329851  0  ab  0.04594
53679.4  sdssr  0.0392369   0.000397534  0  ab  0.04594
53680.3  sdssr  0.0377827   0.000243549  0  ab  0.04594
53681.4  sdssr  0.0356489   0.000197068  0  ab  0.04594
53684.3  sdssr  0.0309601   0.000513328  0  ab  0.04594
53686.3  sdssr  0.0293835   0.000324687  0  ab  0.04594
53687.4  sdssr  0.0309329   0.00111133   0  ab  0.04594
53693.3  sdssr  0.0255373   0.000658751  0  ab  0.04594
53697.3  sdssr  0.0226017   0.000395495  0  ab  0.04594
53698.3  sdssr  0.0219357   0.00058604   0  ab  0.04594
53700.3  sdssr  0.0195709   0.000216367  0  ab  0.04594
53704.3  sdssr  0.0157247   0.00027508   0  ab  0.04594
53705.3  sdssr  0.0153577   0.000481118  0  ab  0.04594
53663.3  sdssi  0.0239414   0.000198405  0  ab  0.04594
53664.4  sdssi  0.0249715   0.000437026  0  ab  0.04594
53665.4  sdssi  0.0229904   0.000317567  0  ab  0.04594
53666.4  sdssi  0.0237234   0.000240305  0  ab  0.04594
53668.3  sdssi  0.0228022   0.000419989  0  ab  0.04594
53669.3  sdssi  0.0225051   0.000310931  0  ab  0.04594
53669.4  sdssi  0.0233074   0.00038641   0  ab  0.04594
53670.3  sdssi  0.0221584   0.000489723  0  ab  0.04594
53671.4  sdssi  0.0214947   0.00041573   0  ab  0.04594
53673.3  sdssi  0.021257    0.00019583   0  ab  0.04594
53674.3  sdssi  0.0203754   0.00022515   0  ab  0.04594
53675.3  sdssi  0.0195335   0.000251795  0  ab  0.04594
53676.4  sdssi  0.0177505   0.000179783  0  ab  0.04594
53677.3  sdssi  0.0171364   0.000157793  0  ab  0.04594
53679.4  sdssi  0.0140855   0.000207518  0  ab  0.04594
53680.3  sdssi  0.0138279   0.000178297  0  ab  0.04594
53681.4  sdssi  0.0124016   0.000159972  0  ab  0.04594
53684.3  sdssi  0.0113021   0.000291417  0  ab  0.04594
53686.3  sdssi  0.0121836   0.000303105  0  ab  0.04594
53687.4  sdssi  0.01152     0.000604824  0  ab  0.04594
53693.3  sdssi  0.0133228   0.000245456  0  ab  0.04594
53697.3  sdssi  0.0126393   0.000244564  0  ab  0.04594
53698.3  sdssi  0.0139765   0.000489327  0  ab  0.04594
53700.3  sdssi  0.01257     0.000196919  0  ab  0.04594
53704.3  sdssi  0.0110544   0.000254569  0  ab  0.04594
53705.3  sdssi  0.0102917   0.000341439  0  ab  0.04594