#redshift    t0     t0err     x0      x0err      x1      x1err      c      cerr     chiquad/dof      modelo
0.183    53631.6   1.02296         57.2898         3.71755       0.861126       0.266025    -0.207676     0.0260593     2.16013   salt2
0.183    53624.9   1.65573        100.003         10.5951       -1.31029        0.105319    -0.808559     0.0450466     1.58979   exp
0.183    53628.6   0.905039      1418.96          98.9627       -0.0775711      0.0262202   -0.314564     0.0365305     2.14428   expPCA
0.19152  53624.3   0.874647        53.3586         2.26332       0.490335       0.430285    -0.279487     0.0279873     2.83655   salt2
0.19152  53617.7   1.49439         77.7683        10.3828       -1.09523        0.127499    -0.825227     0.0512064     1.14857   exp
0.19152  53621.7   0.815994      1267.69          57.212        -0.0669891      0.0457563   -0.37526      0.0291958     3.17915   expPCA
0.1076   53651.5   0.657183       123.075          7.06933      -0.0696061      0.209908    -0.163583     0.0326329     3.20007   salt2
0.1076   53645.2   0.718026       185.436         12.9257       -1.00746        0.0620957   -0.737689     0.0363662     5.72459   exp
0.1076   53647.3   0.523365      3138.02         177.671        -0.0582349      0.01668     -0.244471     0.0305618     3.10936   expPCA
0.1433   53639.5   0.46585         83.0616         1.22264       1.30816        0.168942    -0.160366     0.0109727     5.58614   salt2
0.1433   53637.9   0.83747        148.228         12.332        -0.99753        0.0503003   -0.973086     0.0439941     2.64565   exp
0.1433   53637.6   0.411262      1875.54          25.2141       -0.126609       0.0158757   -0.185341     0.0103884     6.61244   expPCA
0.206    53648.2   0.811807        33.3934         2.2328        0.223305       0.571754    -0.168061     0.0463438     1.75932   salt2
0.206    53640.2   2.88394         52.4132         9.70048      -1.23024        0.0872099   -0.691596     0.0845642     1.57111   exp
0.206    53645.3   0.883769       743.067         34.165        -0.16639        0.0472167   -0.202087     0.0392156     1.87986   expPCA
0.07962  53663.5   0.311604        42.0398         1.53218      -2.76637        0.173279     0.363051     0.0219497    15.7613    salt2
0.07962  53664.2   0.236986         1.33834        0.490183      8.32761        2.51243      1.32252      0.118417      4.03847   exp
0.07962  53656.3   0.52338       1226.24          78.9118        0.33683        0.0161065    0.216866     0.0320238     7.73247   expPCA
0.328    53675.4   1.09975         17.4665         0.5867       -0.751395       0.824612    -0.210879     0.0270429     1.77728   salt2
0.328    53675.1   1.47224         10.1197         3.02913      -0.0888723      0.408817    -0.580636     0.14254       1.18443   exp
0.328    53674.8   2.4796         405.706         50.7981        0.161313       0.225869    -0.444712     0.0992189     1.24975   expPCA
0.2511   53645.6   0.939673        20.5738         0.885283      1.93055        0.426231    -0.16702      0.0307908     2.18803   salt2
0.2511   53635.1   2.86057         53.2068        10.327        -1.22504        0.178758    -1.10005      0.0973997     1.16878   exp
0.2511   53642.3   1.34048        756.264         48.6487       -0.277574       0.0555408   -0.715875     0.0764429     1.21278   expPCA
0.1242   53642.5   5.66617         94.8153        18.6267       -0.898952       1.24603     -0.190695     0.056397      2.54141   salt2
0.1242   53638.2   1.3866         100.263         11.484        -0.747914       0.0940614   -0.61257      0.058348      2.06977   exp
0.1242   53639.4   0.787958      2081.64         159.796         0.0294515      0.0213711   -0.183883     0.0421068     2.56748   expPCA
0.2796   53669.6   0.646139        19.4855         0.598158     -2.03979        0.614258    -0.238044     0.0255164     2.00514   salt2
0.2796   53666.9   2.48913         16.4558         6.26667      -0.388793       0.368167    -0.81135      0.165487      1.29769   exp
0.2796   53666.4   1.65758        557.532         48.3068       -0.00523176     0.126039    -0.616528     0.0675936     1.2562    expPCA
0.3009   53663.3   0.860379        13.0586         0.721704     -2.59818        0.863794    -0.215307     0.0535803     1.45232   salt2
0.3009   53636.8   3.69627         47.2281         8.72424       0.552912       2.22709     -1.36014      0.226797      1.20999   exp
0.3009   53651.7   6.23851        485.193        205.576        -0.183223       0.124751    -0.590391     0.224165      1.3713    expPCA
0.07636  53685.8   0.125369       370.525          4.28427       0.94801        0.11857     -0.192206     0.00849914   46.2572    salt2
0.07636  53682.8   0.270524       905.938         75.2699       -0.757228       0.0596327   -1.29539      0.0455542    11.2267    exp
0.07636  53682     0.175967      8710.23          86.8361       -0.390282       0.02002     -0.167499     0.00972961   22.2713    expPCA
0.253    53662.9   1.29052         24.7031         1.24845       0.252955       0.456036    -0.230632     0.0203825     1.37345   salt2
0.253    53659.1   2.34431         24.1151         5.48331      -0.724372       0.191195    -0.64193      0.0678        1.30698   exp
0.253    53661.5   1.05856        580.668         33.6283        0.00598306     0.0633441   -0.38067      0.0390129     1.25667   expPCA
0.12975  53621.5   0.844386        75.5447         5.39612      -1.57344        0.218925    -0.190819     0.0399747     2.05057   salt2
0.12975  53622.8   1.96373         41.2297        12.6221       -0.303943       0.299045    -0.39418      0.120242      2.61626   exp
0.12975  53620.2   0.765351      1474.5           88.3552        0.207788       0.0356339   -0.176595     0.0305978     2.45393   expPCA
0.265    53638.8   0.807674        28.055          0.759994      0.934435       0.420145    -0.280621     0.0230937     2.01055   salt2
0.265    53634.2   2.80002         36.8272         7.669        -0.93059        0.119245    -0.84001      0.103471      1.41964   exp
0.265    53637.3   1.03352        750.316         43.8828       -0.179286       0.0614194   -0.551738     0.0779822     1.64107   expPCA
0.12656  53636.9   0.710784        83.0424         3.08994       0.0371422      0.186067    -0.109607     0.0193312     3.20475   salt2
0.12656  53638.6   0.782411        83.7099         9.45244      -0.701763       0.0827575   -0.609294     0.0598012     2.2581    exp
0.12656  53637.4   0.778357      1629.31          59.4316        0.0449563      0.0185425   -0.083184     0.0202541     4.21446   expPCA
0.2595   53668.2   1.69442         18.6333         0.852399      3.68572        0.84101     -0.138475     0.0283785     1.50891   salt2
0.2595   53673.7   1.95117         21.0826         4.59374      -0.82549        0.134821    -0.698936     0.12407       0.994513  exp
0.2595   53668     2.70002        558.906         45.5567       -0.441061       0.0965214   -0.397254     0.0611316     0.47284   expPCA
0.2944   53673.4   2.65119         15.8467         0.646678      1.33611        1.63658     -0.0953367    0.029527      1.36053   salt2
0.2944   53662.8   2.96494         27.0858         6.40402      -1.21116        0.234289    -0.630438     0.122437      1.48777   exp
0.2944   53668.4   2.88909        411.926         41.3135       -0.32941        0.108583    -0.209726     0.0978795     1.56951   expPCA
0.19     53671     0.843976        36.9651         0.743187      0.91587        0.527619    -0.103388     0.014384      3.28258   salt2
0.19     53670.5   2.1056          48.7082        10.1349       -0.902904       0.158812    -0.748986     0.0899989     0.778233  exp
0.19     53670.7   0.807872       855.138         13.852         0.119108       0.067648    -0.232476     0.0287634     2.75269   expPCA
0.3951   53612.4   2.40886          0.223953       1.31453     -11.0737         4.01744     10.0281      16.8122       27.1303    salt2
0.3951   53613    11.4554           0.000577815    0.00418012  617.005       4386.27        -9.08649     13.3649       10.2959    exp
0.3951   53606.3  10.1069          10.4483        61.407         2.0552         2.9686       5.63719     18.4184       10.1086    expPCA
0.13     53664.3   0.300935        83.4432         1.07716       1.51953        0.142113    -0.0161989    0.00794857    7.62165   salt2
0.13     53659.7   0.809521       195.926         15.769        -1.07434        0.0632268   -0.987296     0.0314009     4.54731   exp
0.13     53663.4   0.250071      1852.21          24.9368       -0.0880115      0.0141305   -0.0649806    0.00860714    8.36638   expPCA
0.3006   53682.5   1.56323         15.8379         0.770722      5.65096        1.22416      0.0922247    0.0316108     1.64233   salt2
0.3006   53683.3   1.73998         27.5913         4.41142      -1.0026         0.0981083   -0.7894       0.107247      0.476819  exp
0.3006   53674.9   2.76001        654.136         46.5381       -0.828226       0.136022    -0.391539     0.0874388     0.89386   expPCA
0.087    53632.6   0.47596        198.99           4.0483        0.592883       0.13636     -0.146275     0.0116061    10.0954    salt2
0.087    53633.4   0.415625       258.169         14.8571       -0.6808         0.0452864   -0.833946     0.0330519    13.6349    exp
0.087    53632.4   0.303962      4079.51          68.5241        0.0322642      0.00793807  -0.144958     0.0109302    15.4874    expPCA
0.06709  53661.5   0.214088       255.286          3.22908       0.48662        0.0945495   -0.00239073   0.00677445   15.8663    salt2
0.06709  53658.2   0.495809       562.5           32.5011       -0.890172       0.0398805   -0.97694      0.0256146    10.1929    exp
0.06709  53661.4   0.211907      5075.43          73.7129        0.0714385      0.00847466  -0.00482788   0.00697727   17.8561    expPCA
0.1562   53671.7   0.362446        99.8005         0.837802      1.74009        0.204785    -0.222755     0.00695658    8.85071   salt2
0.1562   53670.9   1.30866        157.656         19.4043       -0.983215       0.0821139   -0.968896     0.0555709     2.89153   exp
0.1562   53669.8   0.281068      2305             16.022        -0.140917       0.021523    -0.258063     0.00894645   11.0086    expPCA
0.2743   53678.5   1.29438         16.5916         0.682575      6.5243         1.26279     -0.061278     0.0360232     0.941034  salt2
0.2743   53680.7   1.2552          20.4578         2.91195      -0.906798       0.0980935   -0.620549     0.0926699     1.41672   exp
0.2743   53672.7   2.8879         534.373         38.8296       -0.727864       0.116175    -0.274011     0.0721451     1.02129   expPCA
0.04594  53667.1   0.0620681     1074.05           3.71533       1.66701        0.0347892   -0.21581      0.00243169   73.7116    salt2
0.04594  53663.4   0.141366      5298.27         120.574        -1.10308        0.0149433   -1.67979      0.0114109    36.1483    exp
0.04594  53666.2   0.0473346    24239.5           74.4301       -0.0612896      0.00293473  -0.259479     0.00213305   59.1565    expPCA
0.193    53634.4   1.35886         44.7712         2.50941       0.405028       0.39022     -0.241438     0.026913      2.00707   salt2
0.193    53634.3   1.78384         52.7299         8.15802      -0.958971       0.117247    -0.774309     0.0702406     1.06322   exp
0.193    53633.9   1.25372        955.415         47.4974       -0.00823082     0.0358959   -0.279152     0.0281953     2.02969   expPCA
0.2903   53634.5   1.40004         19.917          1.49051      -1.16062        0.770284    -0.377606     0.0536866     1.76679   salt2
0.2903   53628.6   3.87546         23.9367         7.65004      -0.870419       0.239518    -0.952169     0.131065      1.02895   exp
0.2903   53632.4   2.22335        479.374         49.6014       -0.150917       0.124011    -0.574531     0.0961303     1.0161    expPCA
0.15648  53643.6   0.94171         57.1675         1.34063      -0.264353       0.345856    -0.146505     0.020701      5.38308   salt2
0.15648  53644.2   0.831374        63.2006         6.98304      -0.770238       0.0967102   -0.734633     0.0733887     5.43021   exp
0.15648  53643.1   0.528537      1264.34          20.8955        0.0538174      0.0272445   -0.187949     0.018036      5.28536   expPCA
0.2786   53634.5   4.09664         21.4876         4.50372      -0.677458       0.899834    -0.444255     0.100566      1.99069   salt2
0.2786   53639.3   2.53416         15.7079         4.4654       -0.598562       0.236644    -0.919447     0.16954       1.17211   exp
0.2786   53639.9   2.3311         440.74          48.6096       -0.00168524     0.136105    -0.670783     0.124024      1.26975   expPCA
0.0574   53674.5   0.129914       735.272          6.27085       1.88351        0.0587695   -0.221078     0.00558102   73.839     salt2
0.0574   53672.3   0.199544      2749.87          88.8712       -1.05086        0.0186997   -1.52727      0.0177061    26.7647    exp
0.0574   53673     0.103194     17337.8          128.705        -0.157878       0.00551435  -0.264469     0.00508081   67.0842    expPCA
0.262    53629.2   5.32506         29.3008         7.0678       -0.276567       0.753116    -0.325497     0.0909732     0.892486  salt2
0.262    53633.4   4.94608         15.6262         8.39943      -0.358736       0.533203    -0.474651     0.246392      0.415414  exp
0.262    53632.6   2.83199        567.238         53.1268        0.0102432      0.0903805   -0.35458      0.0886566     0.614363  expPCA
0.267    53675.6   1.06195         29.5917         0.710001      0.610706       0.595391    -0.293585     0.018144      1.61973   salt2
0.267    53669.3   2.55828         38.9909         8.63686      -0.857732       0.176908    -0.87805      0.0928138     1.18628   exp
0.267    53671.3   2.37085        826.017         79.6669       -0.160461       0.0970799   -0.52438      0.0684092     1.47758   expPCA
0.1742   53645.8   0.465643        75.8607         2.31555       0.0589453      0.223392    -0.291954     0.0197818     2.07697   salt2
0.1742   53641.4   1.40613         87.1801         9.50534      -0.993411       0.0728972   -0.714308     0.0515061     1.39407   exp
0.1742   53643.2   0.56572       1693.21          55.9001       -0.0867711      0.0217927   -0.318465     0.0217861     2.5094    expPCA
0.3001   53670     1.43299         16.1165         0.812958     -0.514884       0.818775    -0.235969     0.0322677     0.895679  salt2
0.3001   53669.9   2.45043         13.1256         3.20509      -0.621403       0.205159    -0.646673     0.124704      0.70954   exp
0.3001   53670.1   2.12158        353.772         34.1303       -0.00743345     0.153434    -0.354453     0.0837916     0.76571   expPCA
0.09389  53677.4   0.359668       196.762          2.00023      -0.224413       0.236184    -0.235312     0.00846681   12.7451    salt2
0.09389  53676.4   0.451104       169.17          22.5038       -0.291607       0.123202    -0.692004     0.0683733     9.6164    exp
0.09389  53675.7   0.335047      4207.79          55.0257        0.0599639      0.0293926   -0.242215     0.00814818   10.2273    expPCA
0.1724   53662.2   0.815957        68.8398         3.15222      -0.574925       0.299681    -0.252433     0.0215054     2.41947   salt2
0.1724   53656.9   1.24881         85.6453        10.4501       -1.00402        0.112368    -0.758484     0.0501587     1.47079   exp
0.1724   53660.2   0.644762      1544.83          64.6756        0.114084       0.0357568   -0.358383     0.0253557     2.3933    expPCA
0.34     53641.9   1.75416         14.573          0.846032      1.4094         1.02773     -0.220037     0.039289      1.24638   salt2
0.34     53640.4   2.33507         14.1832         3.28615      -0.671569       0.188879    -0.735014     0.142165      1.29723   exp
0.34     53637.8   3.1234         415.59          49.2212       -0.240127       0.156064    -0.504471     0.116017      1.16527   expPCA
0.08656  53643.4   0.253894       288.087          3.36978       0.863249       0.0979482   -0.258607     0.00795184    9.6613    salt2
0.08656  53644.1   0.181991       422.431         16.1554       -0.907101       0.0309544   -0.936228     0.0224461    13.0021    exp
0.08656  53642.8   0.146569      6184.89          65.2971       -0.0564118      0.00603518  -0.249826     0.00808941   12.7553    expPCA
0.1952   53631.6   1.30002         34.9914         2.41735       0.511564       0.403913    -0.109652     0.0287571     1.78349   salt2
0.1952   53625.4   2.16674         50.0576         8.32551      -1.1457         0.163586    -0.620252     0.0640741     1.47746   exp
0.1952   53630.5   1.21392        763.553         51.0708       -0.0224363      0.0448873   -0.170558     0.0353123     1.74109   expPCA
0.16153  53632.6   1.0592          81.9393         3.77458       1.85758        0.269908    -0.151225     0.0175499     3.38742   salt2
0.16153  53638.4   0.950809        85.8293         8.67017      -1.01037        0.0657722   -0.621898     0.0543179     4.17139   exp
0.16153  53635.5   0.634519      1560.67          44.1025       -0.108378       0.0206383   -0.116252     0.0173824     3.97593   expPCA
0.2654   53636.1   3.12943         24.6907         1.76518       2.12165        1.02351     -0.26201      0.0495098     1.1023    salt2
0.2654   53635     3.23013         30.8241         9.08207      -0.891839       0.154781    -0.797638     0.155146      1.49654   exp
0.2654   53635.7   2.59305        626.632         53.7477       -0.200101       0.0934388   -0.413493     0.0850933     1.38651   expPCA
0.117    53661.8   0.280925       134.295          1.86491       1.98334        0.138815    -0.163271     0.00837848    5.8304    salt2
0.117    53656.3   0.564837       334.471         17.3682       -1.14582        0.0405652   -1.10515      0.0258026     6.56233   exp
0.117    53661.4   0.261946      2975.08          47.4          -0.133665       0.0122504   -0.21505      0.00928313    8.99552   expPCA
0.12462  53673.9   0.382827       108.446          1.22848       1.0315         0.224972    -0.118473     0.00962867    7.20764   salt2
0.12462  53673.6   0.702827       156.178         16.0553       -0.791846       0.0677778   -0.85553      0.0540308     3.51157   exp
0.12462  53672.3   0.34591       2425.1           27.2759       -0.0941803      0.0242079   -0.143801     0.00937195    6.90585   expPCA
0.146    53654.8   0.535173        63.4097         1.93837      -0.495683       0.326966    -0.143669     0.0242149     4.31091   salt2
0.146    53649.5   1.1418         105.162         11.5163       -1.04021        0.0708336   -0.858873     0.0520966     1.83362   exp
0.146    53650.9   0.657418      1444.89          54.9057       -0.0777077      0.0343203   -0.169748     0.0233843     5.29068   expPCA
0.11915  53630.3   0.376539       213.467          3.52769       1.71133        0.142836    -0.262363     0.00873546    5.10173   salt2
0.11915  53624.1   0.812653       377.682         17.6984       -1.11343        0.0479373   -0.887576     0.0331905    11.8525    exp
0.11915  53630.4   0.487297      4577.69         106.045        -0.0471985      0.00979282  -0.295953     0.0105997    10.9553    expPCA
0.2304   53648.1   0.636798        38.2928         1.25622       0.785665       0.375376    -0.239544     0.0258062     2.33558   salt2
0.2304   53647.4   1.18722         39.1683         4.75166      -0.856122       0.124896    -0.699501     0.0601169     1.55618   exp
0.2304   53646.6   0.784451      1033.82          45.5597       -0.176659       0.0514303   -0.479266     0.051362      1.73831   expPCA
0.332    53638.8   1.70002         12.7614         0.644235     -0.138347       1.03992     -0.222012     0.044691      2.23411   salt2
0.332    53622.1   3.71079         34.0399         7.49214      -1.41127        0.262658    -1.18192      0.103538      1.018     exp
0.332    53630.2   3.8976         458.343         71.7991       -0.326741       0.104244    -0.781704     0.134261      1.00946   expPCA
0.288    53637.1   1.42347         16.781          0.683047     -0.714741       0.89264     -0.243859     0.0325634     1.19708   salt2
0.288    53624.6   3.30902         33.5729         8.88542      -1.21057        0.268762    -0.964056     0.0877103     0.471436  exp
0.288    53632.6   2.15428        467.982         42.6699       -0.181415       0.114035    -0.498566     0.0717926     0.491621  expPCA
0.0616   53674.7   0.0958267      828.256          2.30453       4.46842        0.0620317    0.406001     0.00227033  573.713     salt2
0.0616   53680.1   1.73223e-05   6261.62          82.8396       -1.68976        0.0050804   -1.2216       0.00820804  341.118     exp
0.0616   53671.9   0.0454562    24240.2           66.2614       -0.583045       0.00410554   0.271211     0.0022595   593.33      expPCA
0.1646   53647.7   0.791378        69.7553         3.15566       0.903466       0.244225    -0.202149     0.0236353     4.22229   salt2
0.1646   53638     3.96377        146.251         23.8244       -1.27776        0.0912387   -0.881317     0.0452217     2.22662   exp
0.1646   53641.7   1.65548       1999.41         261.67         -0.134185       0.0378875   -0.320383     0.0588585     5.17738   expPCA
0.148    53629.4   0.373368       128.415          1.71661       1.21556        0.200163    -0.338048     0.00870599    6.7838    salt2
0.148    53624.3   0.884375       211.896         16.6028       -1.02964        0.0561284   -1.04463      0.0333306     4.32223   exp
0.148    53628.1   0.221769      2924.49          34.9139       -0.0531303      0.0181256   -0.410247     0.00999329    7.58007   expPCA
0.2132   53635.5   0.462285        17.048          0.707352     -2.1218         0.491967    -0.15594      0.0378396     1.08765   salt2
0.2132   53634.3   1.64819          6.24143        2.6935        0.664611       0.872505    -0.254594     0.164134      0.858503  exp
0.2132   53632.9   2.23747        398.422         51.285         0.241558       0.104007    -0.316304     0.103873      0.956779  expPCA
0.153    53635.2   0.444212       102.391          1.43042       1.15276        0.185073    -0.260217     0.0110787     8.33873   salt2
0.153    53633.9   1.04074        146.699         12.7014       -0.94637        0.0525425   -0.931164     0.0442656     6.94399   exp
0.153    53634.8   0.358128      2283.9           25.6541       -0.0917939      0.016369    -0.295705     0.0110719     8.69864   expPCA
0.0983   53690.7   0.289078       126.203          3.12614       1.86747        0.267041    -0.039778     0.0185541    11.0204    salt2
0.0983   53687.3   0.56501        166.96          20.6062       -0.923397       0.0849419   -0.634092     0.063438      4.08374   exp
0.0983   53688.8   0.442728      2981.11          65.471        -0.131789       0.0674278   -0.100071     0.0209309    15.307     expPCA
0.314    53673.2   2.255           20.4644         1.52049       1.17285        0.824469    -0.334465     0.0457815     1.47132   salt2
0.314    53672     2.47695         21.2467         3.74634      -0.79169        0.124186    -0.842123     0.105038      1.66624   exp
0.314    53670.1   2.52971        532.967         54.1235       -0.267472       0.116058    -0.507638     0.0847386     1.77766   expPCA
0.1607   53646.6   0.472063        76.5645         3.48491      -1.06486        0.312242    -0.299176     0.0331542     1.69685   salt2
0.1607   53645.2   0.597423        52.4255         5.68659      -0.69124        0.113182    -0.480087     0.0608099     2.45795   exp
0.1607   53644.3   0.502999      1491.4           55.1515       -0.0194856      0.0267734   -0.251256     0.0303622     2.23989   expPCA
0.06283  53655.5   0.090393       610.8            3.76254       1.52194        0.0464328   -0.146949     0.00394266   31.4945    salt2
0.06283  53653.6   0.318675      1887.89          54.5315       -1.221          0.019936    -1.31785      0.0130387    33.6104    exp
0.06283  53657.1   0.0894569    12073.6           86.0969       -0.00184826     0.00353506  -0.166523     0.00374144   44.4336    expPCA
0.1795   53661.6   1.65098         49.1783         8.7025       -0.865719       0.957291    -0.495442     0.227975      1.28778   salt2
0.1795   53659.1   2.69243         39.9436        24.161        -0.513208       0.366514    -0.984416     0.564894      1.2596    exp
0.1795   53659.5   1.25939       1104.89         215.451         0.148874       0.072033    -0.646082     0.268619      1.2372    expPCA
0.2807   53669.2   0.689591        18.6872         0.730761     -1.77445        0.663678    -0.0801141    0.0508481     1.56378   salt2
0.2807   53668.7   1.31648         16.7184         5.48332      -0.548149       0.233153    -1.01319      0.513056      1.86083   exp
0.2807   53668.1   2.56534        506.693        208.195        -0.00704819     0.385338    -0.835726     0.755227      1.87919   expPCA
0.2166   53617.4   2.01384         37.8035         4.26005       0.314521       0.590684    -0.295749     0.0486194     4.6137    salt2
0.2166   53618.3   2.54658         27.3675         9.75839      -0.450512       0.359223    -0.688598     0.134256      4.52231   exp
0.2166   53617.1   1.87831        963.458         91.1393       -0.051404       0.100965    -0.539062     0.0679083     4.84779   expPCA