-0.010151732849114178
2.4622928498733803
9.821303897554778
5.768572901320175
4.482686740432379
4.0129202791792515
2.543904819836847
1.0032300697948129
-0.1913701168850661
-0.3969128490418367
-1.4256217777520734
0.3390678771604136
-0.01208255262629864
1.493299996746168
1.4045220977127382
-1.0243297498341484
0.7054459062207971
0.09240067428546671
0.0653293866878289
3.108022680511153
2.316983732621354
1.276331588794512
-0.09108692062264016
0.21250960764145682
0.8774282038999079
5.788478259847849
13.726735240684583
15.231580345376802
15.530160723291925
13.878015965494912
12.054685124359896
4.570270317954148
3.042733104540379
2.3309174835907265
2.1545560070355267
2.2564714426972223
1.4670249234896373
1.7190267624500009
1.3647113806573883
1.4546836012024786
1.3571473444168718
0.9865095686315661
1.0912117544871358
0.19996923176902162
0.7882521976959245
0.434733030244419
0.8392099155267722
0.7353039440123094
1.3217158062376106
6.441374019555584
15.474425719414436
18.129800547006262
18.16164912065054
17.042967971395218
17.138513692328054
6.596635816071449
6.99872405833048
6.939007982747456
7.7511466106765905
5.6690461086818
5.541651814104681
4.8887560543969455
5.01216927726853
4.180125290811721
4.311500657094375
3.8723884479738673
2.9631116704296794
1.663689865743065
2.0928493955997345
1.8340797347399618
2.2047175105252674
1.6696614733013673
1.3237063420903783
6.974837628097271
14.761813884123676
14.069107407360592
15.414709643831412
14.479157793030693
14.37166885698125
8.264704860690603
8.240818430457391
7.0265915602692255
8.029821630064038
7.7750330409098005
6.592654744365913
7.090288707557785
6.202509717223487
4.534440672604333
3.0152637097721877
3.9687303832478134
2.9567419557008234
2.4121313463836396
2.4009843456081414
1.6107416120594498
2.8058593380610484
