#time    band  flux        fluxerr      zp     zpsys redshift
266.52  cspg  0.139187   0.000512785  1  csp  0.0157
267.52  cspg  0.204362   0.000752897  1  csp  0.0157
268.52  cspg  0.284446   0.00104794   1  csp  0.0157
271.55  cspg  0.55616    0.00204897   1  csp  0.0157
272.55  cspg  0.63797    0.00235037   1  csp  0.0157
273.54  cspg  0.712525   0.00459382   1  csp  0.0157
274.51  cspg  0.770549   0.00283881   1  csp  0.0157
275.52  cspg  0.823379   0.00530852   1  csp  0.0157
280.51  cspg  0.900326   0.00331693   1  csp  0.0157
281.51  cspg  0.878213   0.00323546   1  csp  0.0157
287.56  cspg  0.62748    0.00231172   1  csp  0.0157
288.56  cspg  0.579162   0.00213371   1  csp  0.0157
289.57  cspg  0.524807   0.00193346   1  csp  0.0157
290.57  cspg  0.477309   0.00175847   1  csp  0.0157
291.55  cspg  0.43013    0.00158466   1  csp  0.0157
292.55  cspg  0.387258   0.00142671   1  csp  0.0157
294.5   cspg  0.31304    0.0014416    1  csp  0.0157
295.5   cspg  0.282358   0.00234055   1  csp  0.0157
298.53  cspg  0.210863   0.00135948   1  csp  0.0157
300.51  cspg  0.177501   0.00147136   1  csp  0.0157
301.51  cspg  0.16278    0.00179911   1  csp  0.0157
302.51  cspg  0.147775   0.00190548   1  csp  0.0157
303.51  cspg  0.140346   0.00129263   1  csp  0.0157
304.52  cspg  0.130377   0.00120081   1  csp  0.0157
305.51  cspg  0.119234   0.00109819   1  csp  0.0157
307.55  cspg  0.106955   0.00118211   1  csp  0.0157
308.52  cspg  0.0991745  0.000730745  1  csp  0.0157
309.51  cspg  0.0947982  0.00113506   1  csp  0.0157
310.52  cspg  0.090615   0.000751135  1  csp  0.0157
311.52  cspg  0.0870964  0.00104284   1  csp  0.0157
312.51  cspg  0.0823379  0.00075836   1  csp  0.0157
321.54  cspg  0.0641505  0.000472678  1  csp  0.0157
329.53  cspg  0.0583445  0.00102101   1  csp  0.0157
341.54  cspg  0.0475992  0.00113985   1  csp  0.0157
266.52  cspr  0.128706   0.000474172  1  csp  0.0157
267.52  cspr  0.18197    0.000838003  1  csp  0.0157
268.52  cspr  0.240991   0.000887842  1  csp  0.0157
271.55  cspr  0.447095   0.00164716   1  csp  0.0157
272.55  cspr  0.508159   0.00187213   1  csp  0.0157
273.54  cspr  0.563897   0.00207747   1  csp  0.0157
274.51  cspr  0.611505   0.00225287   1  csp  0.0157
275.52  cspr  0.646845   0.00476613   1  csp  0.0157
276.58  cspr  0.679204   0.00250228   1  csp  0.0157
280.51  cspr  0.72845    0.00268371   1  csp  0.0157
281.51  cspr  0.725772   0.00267384   1  csp  0.0157
287.56  cspr  0.585059   0.00215544   1  csp  0.0157
288.56  cspr  0.552077   0.00203393   1  csp  0.0157
289.57  cspr  0.518084   0.00190869   1  csp  0.0157
290.57  cspr  0.493401   0.00181776   1  csp  0.0157
291.55  cspr  0.474679   0.00174878   1  csp  0.0157
292.55  cspr  0.456667   0.00168242   1  csp  0.0157
294.5   cspr  0.428943   0.00158029   1  csp  0.0157
295.5   cspr  0.417254   0.00153722   1  csp  0.0157
298.53  cspr  0.381593   0.0017573    1  csp  0.0157
300.51  cspr  0.355468   0.00294658   1  csp  0.0157
301.51  cspr  0.338844   0.00124835   1  csp  0.0157
302.51  cspr  0.326287   0.00120209   1  csp  0.0157
303.51  cspr  0.306761   0.00141269   1  csp  0.0157
304.52  cspr  0.291608   0.00107432   1  csp  0.0157
305.51  cspr  0.273149   0.00150948   1  csp  0.0157
307.55  cspr  0.237465   0.00109357   1  csp  0.0157
308.52  cspr  0.219989   0.000810468  1  csp  0.0157
309.51  cspr  0.205684   0.00113665   1  csp  0.0157
310.52  cspr  0.192664   0.000887249  1  csp  0.0157
311.52  cspr  0.181301   0.000834922  1  csp  0.0157
312.51  cspr  0.171554   0.000790034  1  csp  0.0157
321.54  cspr  0.119564   0.000770857  1  csp  0.0157
329.53  cspr  0.0947109  0.000785088  1  csp  0.0157
341.54  cspr  0.0664967  0.000796194  1  csp  0.0157
266.52  cspi  0.0901986  0.000581532  1  csp  0.0157
267.52  cspi  0.129778   0.000836708  1  csp  0.0157
268.52  cspi  0.174904   0.000966556  1  csp  0.0157
271.55  cspi  0.314485   0.00115861   1  csp  0.0157
272.55  cspi  0.351237   0.00194101   1  csp  0.0157
273.54  cspi  0.383354   0.00211849   1  csp  0.0157
274.51  cspi  0.400682   0.00147617   1  csp  0.0157
275.52  cspi  0.411529   0.00189516   1  csp  0.0157
276.58  cspi  0.411529   0.00151613   1  csp  0.0157
277.51  cspi  0.399209   0.00257379   1  csp  0.0157
278.51  cspi  0.385834   0.00284293   1  csp  0.0157
279.52  cspi  0.375664   0.002768     1  csp  0.0157
280.51  cspi  0.369148   0.00135999   1  csp  0.0157
281.51  cspi  0.364083   0.00134133   1  csp  0.0157
282.51  cspi  0.355795   0.0026216    1  csp  0.0157
287.56  cspi  0.283923   0.00104601   1  csp  0.0157
288.56  cspi  0.26965    0.00149014   1  csp  0.0157
289.57  cspi  0.260856   0.00120128   1  csp  0.0157
290.57  cspi  0.254683   0.000938287  1  csp  0.0157
291.55  cspi  0.254449   0.000937423  1  csp  0.0157
292.55  cspi  0.256094   0.00117936   1  csp  0.0157
294.5   cspi  0.263998   0.000972603  1  csp  0.0157
295.5   cspi  0.264972   0.00170834   1  csp  0.0157
298.53  cspi  0.26965    0.00198685   1  csp  0.0157
300.51  cspi  0.265705   0.00220251   1  csp  0.0157
301.51  cspi  0.259657   0.00119576   1  csp  0.0157
302.51  cspi  0.257751   0.000949589  1  csp  0.0157
303.51  cspi  0.254214   0.0011707    1  csp  0.0157
304.52  cspi  0.253746   0.00303822   1  csp  0.0157
305.51  cspi  0.234855   0.00151417   1  csp  0.0157
307.55  cspi  0.210669   0.0011642    1  csp  0.0157
308.52  cspi  0.193731   0.000892166  1  csp  0.0157
309.51  cspi  0.17997    0.00116031   1  csp  0.0157
310.52  cspi  0.166725   0.00107491   1  csp  0.0157
311.52  cspi  0.155453   0.000859067  1  csp  0.0157
312.51  cspi  0.145345   0.000937074  1  csp  0.0157
321.54  cspi  0.0957635  0.000793813  1  csp  0.0157
329.53  cspi  0.0721772  0.000731254  1  csp  0.0157
341.54  cspi  0.0480397  0.0011504    1  csp  0.0157
266.52  cspb  0.0598687  0.000330847  1  csp  0.0157
267.52  cspb  0.0912011  0.000503996  1  csp  0.0157
268.52  cspb  0.129778   0.000836708  1  csp  0.0157
269.54  cspb  0.169044   0.000778477  1  csp  0.0157
270.55  cspb  0.213599   0.000786929  1  csp  0.0157
271.55  cspb  0.252813   0.00116425   1  csp  0.0157
272.55  cspb  0.291072   0.00160852   1  csp  0.0157
273.54  cspb  0.323296   0.00148883   1  csp  0.0157
274.51  cspb  0.353509   0.00162797   1  csp  0.0157
275.52  cspb  0.378443   0.00209135   1  csp  0.0157
276.58  cspb  0.393731   0.00398904   1  csp  0.0157
277.51  cspb  0.406256   0.00224505   1  csp  0.0157
278.51  cspb  0.411529   0.00265322   1  csp  0.0157
279.52  cspb  0.410015   0.00188819   1  csp  0.0157
280.51  cspb  0.399945   0.00147345   1  csp  0.0157
281.51  cspb  0.384769   0.00141754   1  csp  0.0157
287.56  cspb  0.238561   0.000878892  1  csp  0.0157
288.56  cspb  0.214585   0.00118584   1  csp  0.0157
289.57  cspb  0.191602   0.00105883   1  csp  0.0157
290.57  cspb  0.169824   0.000938484  1  csp  0.0157
291.55  cspb  0.149417   0.000688091  1  csp  0.0157
292.55  cspb  0.132069   0.000729839  1  csp  0.0157
294.5   cspb  0.102896   0.000663397  1  csp  0.0157
295.5   cspb  0.092555   0.000596724  1  csp  0.0157
298.53  cspb  0.066558   0.000613021  1  csp  0.0157
300.51  cspb  0.0564417  0.000519847  1  csp  0.0157
301.51  cspb  0.0529176  0.000731083  1  csp  0.0157
302.51  cspb  0.0489328  0.000676032  1  csp  0.0157
303.51  cspb  0.0441367  0.000650423  1  csp  0.0157
304.52  cspb  0.0419952  0.00139245   1  csp  0.0157
305.51  cspb  0.0405509  0.000971067  1  csp  0.0157
307.55  cspb  0.0336357  0.00102233   1  csp  0.0157
308.52  cspb  0.0332966  0.000276006  1  csp  0.0157
309.51  cspb  0.0312176  0.000258773  1  csp  0.0157
310.52  cspb  0.0297303  0.000246444  1  csp  0.0157
311.52  cspb  0.0287607  0.000238407  1  csp  0.0157
329.53  cspb  0.0181301  0.000584445  1  csp  0.0157
341.54  cspb  0.0163531  0.000557285  1  csp  0.0157