#time    band  flux        fluxerr      zp     zpsys redshift
53634.4  sdssu  24.67     3.639   1  ab  0.11819
53638.4  sdssu  14.49     1.82    1  ab  0.11819
53640.4  sdssu  11.26     1.698   1  ab  0.11819
53643.5  sdssu  10.08     1.886   1  ab  0.11819
53646.5  sdssu   6.39     1.396   1  ab  0.11819
53657.3  sdssu   2.52     7.086   1  ab  0.11819
53663.5  sdssu  -0.4807   4.469   1  ab  0.11819
53664.4  sdssu  -0.997    2.751   1  ab  0.11819
53665.5  sdssu  -3.581    3.039   1  ab  0.11819
53668.5  sdssu   0.8517   3.043   1  ab  0.11819
53669.4  sdssu  -0.03035  2.316   1  ab  0.11819
53670.5  sdssu   3.751    2.422   1  ab  0.11819
53671.5  sdssu   3.528    1.892   1  ab  0.11819
53674.4  sdssu  -2.573    1.454   1  ab  0.11819
53638.4  sdssg  38.26     0.8459  1  ab  0.11819
53640.4  sdssg  39.01     1.078   1  ab  0.11819
53643.5  sdssg  34.86     1.028   1  ab  0.11819
53646.5  sdssg  30.28     0.6137  1  ab  0.11819
53657.3  sdssg  11.48     2.341   1  ab  0.11819
53663.5  sdssg   7.643    1.688   1  ab  0.11819
53664.4  sdssg   5.855    1.166   1  ab  0.11819
53665.5  sdssg   5.412    1.084   1  ab  0.11819
53668.5  sdssg   5.668    0.9089  1  ab  0.11819
53669.4  sdssg   3.685    0.775   1  ab  0.11819
53670.5  sdssg   4.318    0.9528  1  ab  0.11819
53671.5  sdssg   3.428    0.6585  1  ab  0.11819
53674.4  sdssg   3.654    0.5398  1  ab  0.11819
53676.4  sdssg   3.409    0.607   1  ab  0.11819
53638.4  sdssr  45.54     0.9649  1  ab  0.11819
53640.4  sdssr  45.62     1.009   1  ab  0.11819
53643.4  sdssr  42.81     1.104   1  ab  0.11819
53646.5  sdssr  43.05     1.15    1  ab  0.11819
53657.3  sdssr  16.57     4.264   1  ab  0.11819
53663.5  sdssr  17.58     1.621   1  ab  0.11819
53664.4  sdssr  17.43     1.27    1  ab  0.11819
53665.5  sdssr  19.47     1.167   1  ab  0.11819
53668.5  sdssr  14.24     1.314   1  ab  0.11819
53669.4  sdssr  13.92     0.8991  1  ab  0.11819
53670.5  sdssr  12.28     0.9975  1  ab  0.11819
53671.4  sdssr  12.59     0.9761  1  ab  0.11819
53674.3  sdssr  10.5      0.893   1  ab  0.11819
53676.4  sdssr  10.83     0.8804  1  ab  0.11819
53679.4  sdssr   9.727    1.088   1  ab  0.11819
53634.4  sdssi  37.08     1.674   1  ab  0.11819
53638.4  sdssi  35.34     1.303   1  ab  0.11819
53640.4  sdssi  38.72     1.213   1  ab  0.11819
53643.5  sdssi  36.37     1.374   1  ab  0.11819
53646.5  sdssi  36.1      1.331   1  ab  0.11819
53663.5  sdssi  20.76     1.82    1  ab  0.11819
53664.4  sdssi  20.7      1.509   1  ab  0.11819
53665.5  sdssi  17.65     1.516   1  ab  0.11819
53668.5  sdssi  20.17     1.732   1  ab  0.11819
53669.4  sdssi  19.53     1.406   1  ab  0.11819
53670.5  sdssi  16.56     1.438   1  ab  0.11819
53671.5  sdssi  17.81     1.283   1  ab  0.11819
53674.3  sdssi  15.58     1.425   1  ab  0.11819
53676.4  sdssi  11.39     1.119   1  ab  0.11819