#time    band  flux        fluxerr      zp     zpsys redshift
53654.3  sdssg  224.5    1.241   1  ab  0.06283
53655.3  sdssg  226.2    3.75    1  ab  0.06283
53663.3  sdssg  211.1    1.555   1  ab  0.06283
53664.3  sdssg  189.9    2.273   1  ab  0.06283
53666.4  sdssg  172.2    2.696   1  ab  0.06283
53668.3  sdssg  149.8    1.932   1  ab  0.06283
53669.3  sdssg  136.8    1.008   1  ab  0.06283
53670.3  sdssg  130.4    1.321   1  ab  0.06283
53671.4  sdssg  114      1.26    1  ab  0.06283
53673.3  sdssg   97.1    0.8943  1  ab  0.06283
53674.3  sdssg   92.13   1.103   1  ab  0.06283
53675.3  sdssg   81.06   2.016   1  ab  0.06283
53676.4  sdssg   72.51   1.069   1  ab  0.06283
53677.3  sdssg   71.72   0.7927  1  ab  0.06283
53679.3  sdssg   56.7    0.9924  1  ab  0.06283
53680.3  sdssg   54.85   0.9095  1  ab  0.06283
53681.3  sdssg   50.21   1.388   1  ab  0.06283
53685.3  sdssg   38.09   1.579   1  ab  0.06283
53693.3  sdssg   24.98   1.542   1  ab  0.06283
53697.3  sdssg   20.87   0.8846  1  ab  0.06283
53698.3  sdssg   21.57   0.8349  1  ab  0.06283
53699.3  sdssg   20.53   0.8133  1  ab  0.06283
53655.3  sdssr  206.6    2.855   1  ab  0.06283
53663.3  sdssr  226.6    6.887   1  ab  0.06283
53664.3  sdssr  204.8    3.017   1  ab  0.06283
53666.4  sdssr  196.8    1.813   1  ab  0.06283
53668.3  sdssr  183.2    2.362   1  ab  0.06283
53669.3  sdssr  169.1    1.713   1  ab  0.06283
53670.3  sdssr  169.7    3.282   1  ab  0.06283
53671.4  sdssr  156.6    3.75    1  ab  0.06283
53673.3  sdssr  153      1.551   1  ab  0.06283
53674.3  sdssr  136.4    2.136   1  ab  0.06283
53675.3  sdssr  134.5    2.106   1  ab  0.06283
53676.4  sdssr  132.6    2.32    1  ab  0.06283
53677.3  sdssr  129.8    1.076   1  ab  0.06283
53679.3  sdssr  112      1.754   1  ab  0.06283
53680.3  sdssr  114      1.155   1  ab  0.06283
53681.3  sdssr  104.6    2.698   1  ab  0.06283
53685.3  sdssr   90.12   2.656   1  ab  0.06283
53693.3  sdssr   77.27   2.064   1  ab  0.06283
53697.3  sdssr   54.8    1.313   1  ab  0.06283
53698.3  sdssr   55.98   1.083   1  ab  0.06283
53699.3  sdssr   55.26   1.171   1  ab  0.06283
53700.3  sdssr   48.17   1.553   1  ab  0.06283
53654.3  sdssi  160.8    1.926   1  ab  0.06283
53655.3  sdssi  143.6    2.513   1  ab  0.06283
53663.3  sdssi  150.3    3.598   1  ab  0.06283
53664.3  sdssi  128.2    2.126   1  ab  0.06283
53666.4  sdssi  120.7    1.667   1  ab  0.06283
53668.3  sdssi  110.2    2.232   1  ab  0.06283
53669.3  sdssi   98      1.264   1  ab  0.06283
53670.3  sdssi   98.09   1.988   1  ab  0.06283
53671.4  sdssi  100.5    1.666   1  ab  0.06283
53673.3  sdssi   99.27   1.372   1  ab  0.06283
53674.3  sdssi   91.03   1.845   1  ab  0.06283
53675.3  sdssi   93.33   1.461   1  ab  0.06283
53676.4  sdssi   97.46   1.885   1  ab  0.06283
53677.3  sdssi   98.72   1.273   1  ab  0.06283
53679.3  sdssi   91.54   2.108   1  ab  0.06283
53680.3  sdssi   96.3    1.242   1  ab  0.06283
53681.3  sdssi   82.79   2.898   1  ab  0.06283
53685.3  sdssi   82.26   2.501   1  ab  0.06283
53693.3  sdssi   78.63   2.245   1  ab  0.06283
53697.3  sdssi   57.59   1.273   1  ab  0.06283
53698.3  sdssi   59.59   1.372   1  ab  0.06283
53699.3  sdssi   60.42   1.336   1  ab  0.06283
