#time    band  flux        fluxerr      zp     zpsys redshift
53616.4  sdssg  187309            232256            15  ab  0.08656
53626.3  sdssg  604725            174650            15  ab  0.08656
53628.3  sdssg       1.28429e+06  564118            15  ab  0.08656
53635.3  sdssg       2.50051e+07  483700            15  ab  0.08656
53637.3  sdssg       3.2812e+07   483700            15  ab  0.08656
53639.4  sdssg       3.95559e+07       1.23891e+06  15  ab  0.08656
53641.4  sdssg       4.56629e+07  673199            15  ab  0.08656
53644.3  sdssg       4.84496e+07  981732            15  ab  0.08656
53654.4  sdssg       3.13908e+07  289145            15  ab  0.08656
53663.3  sdssg       1.32928e+07  416420            15  ab  0.08656
53666.4  sdssg       1.03189e+07  370717            15  ab  0.08656
53668.3  sdssg       8.66679e+06  327483            15  ab  0.08656
53670.3  sdssg       7.22166e+06  292887            15  ab  0.08656
53673.3  sdssg       5.82033e+06  198576            15  ab  0.08656
53675.3  sdssg       5.63322e+06  212868            15  ab  0.08656
53677.3  sdssg       4.9007e+06   176202            15  ab  0.08656
53680.3  sdssg       4.49065e+06  198934            15  ab  0.08656
53686.3  sdssg       3.19839e+06  694299            15  ab  0.08656
53693.3  sdssg       2.73818e+06  440705            15  ab  0.08656
53698.3  sdssg       3.06264e+06  200964            15  ab  0.08656
53704.3  sdssg       2.1665e+06   184841            15  ab  0.08656
53616.4  sdssr  488876            361004            15  ab  0.08656
53626.3  sdssr  707038            239860            15  ab  0.08656
53628.3  sdssr       2.54948e+06  419605            15  ab  0.08656
53635.3  sdssr       2.03791e+07  525501            15  ab  0.08656
53637.3  sdssr       2.84448e+07  471757            15  ab  0.08656
53639.4  sdssr       3.54833e+07  653692            15  ab  0.08656
53641.4  sdssr       3.90862e+07  468174            15  ab  0.08656
53644.3  sdssr       4.2916e+07   632194            15  ab  0.08656
53654.4  sdssr       3.61442e+07  599151            15  ab  0.08656
53663.3  sdssr       2.23657e+07  576857            15  ab  0.08656
53666.4  sdssr       2.02875e+07  878224            15  ab  0.08656
53668.3  sdssr       1.96585e+07  507189            15  ab  0.08656
53670.3  sdssr       1.82293e+07  420003            15  ab  0.08656
53673.3  sdssr       1.61432e+07  371792            15  ab  0.08656
53675.3  sdssr       1.46265e+07  431150            15  ab  0.08656
53677.3  sdssr       1.29982e+07  347349            15  ab  0.08656
53680.3  sdssr       1.17481e+07  346393            15  ab  0.08656
53686.3  sdssr       9.41523e+06  763570            15  ab  0.08656
53693.3  sdssr       7.43664e+06  438714            15  ab  0.08656
53698.3  sdssr       6.73199e+06  298023            15  ab  0.08656
53704.3  sdssr       5.70089e+06  326209            15  ab  0.08656
53616.4  sdssi       2.84567e+06  748441            15  ab  0.08656
53626.3  sdssi  512364            329513            15  ab  0.08656
53628.3  sdssi       1.62826e+06  529881            15  ab  0.08656
53635.3  sdssi       2.03592e+07  506392            15  ab  0.08656
53637.3  sdssi       2.65458e+07  733712            15  ab  0.08656
53639.4  sdssi       3.05627e+07  506790            15  ab  0.08656
53641.4  sdssi       3.18565e+07  469368            15  ab  0.08656
53644.3  sdssi       3.05348e+07  618659            15  ab  0.08656
53654.4  sdssi       2.42766e+07  581635            15  ab  0.08656
53663.3  sdssi       1.81935e+07  519530            15  ab  0.08656
53666.4  sdssi       1.82094e+07  486487            15  ab  0.08656
53668.3  sdssi       1.76839e+07  537843            15  ab  0.08656
53670.3  sdssi       1.93162e+07  533862            15  ab  0.08656
53673.3  sdssi       1.85518e+07  478525            15  ab  0.08656
53675.3  sdssi       1.75525e+07  533862            15  ab  0.08656
53677.3  sdssi       1.50763e+07  375136            15  ab  0.08656
53680.3  sdssi       1.2413e+07   434733            15  ab  0.08656
53686.3  sdssi       7.56404e+06  816916            15  ab  0.08656
53693.3  sdssi       6.78773e+06  514354            15  ab  0.08656
53698.3  sdssi       5.7845e+06   433539            15  ab  0.08656
53704.3  sdssi       4.72155e+06  568497            15  ab  0.08656