0.9221886238937861
1.0662864929314322
1.2166724884056386
1.3679467477215188
1.5127289598380034
1.6437308099098817
1.7573884568352243
1.85520650840761
1.9403888668696887
2.013397718258515
2.0707590963162144
2.1072776190486557
2.119308949311728
2.1067440580139367
2.0727754209541547
2.0219836769623347
1.9581746068611803
1.8832445184259017
1.7975412515601903
1.701299605811725
1.596133149086058
1.485423097185697
1.3731071411464113
1.2620283868869544
1.1536065025073874
1.0488156903628651
0.948976857011604
0.8555883079072133
0.769710723251276
0.6916682456572409
0.6211785052119346
0.5576565781168332
0.500560783738023
0.44964850097732395
0.40494312004205046
0.3664028325471439
0.3336420686940473
0.30599771975341844
0.2827891275401814
0.2634332721095156
0.24738009211318118
0.23409822381045506
0.22318496515927796
0.21442230982313776
0.20766597026871886
0.20268132531657082
0.19908278691518097
0.1963939665463814
0.19414571824595536
0.1919423322928291
0.18947629859743675
0.18651316412170643
0.1828882658158067
0.17853467717720387
0.17350858163613442
0.16797617529587627
0.1621617194111368
0.15628183865272272
0.15050904537448972
0.14497523326099473
0.1397731448736155
