0.4974089181887847
0.5774481597332127
0.6605835880097668
0.7437117394308074
0.8229046626631565
0.8948354370974769
0.95814735685598
1.0136381654902764
1.062984647217375
1.106886791632485
1.144048547696859
1.1717225122957207
1.1873572620364299
1.190099017676068
1.1811357353338172
1.1628326429419849
1.137449706011487
1.1063060234089244
1.069822399145978
1.0281721593305528
0.9819461035098167
0.9323856955113348
0.8811522892355829
0.8299454204065201
0.7802196347065389
0.7330602145120795
0.6891361924250947
0.6486947842406534
0.6116160525223318
0.5775611295860823
0.5461652019639229
0.5171844645602615
0.4905335651337328
0.46622620116160707
0.44426685108342967
0.42454142376852716
0.4067328774333318
0.39031093045607057
0.3746377609385705
0.3591759236871371
0.34369128829947465
0.32832022080819534
0.3134557024741406
0.29953319846024556
0.2868453531235647
0.27546099355038967
0.26524265180909273
0.2559163465479287
0.24715336464684623
0.23863533773174767
0.23008795491542916
0.22129282613202708
0.2121070674373753
0.20250573861134896
0.19261810156109474
0.18270697884180992
0.1730834320069376
0.16400382945719466
0.1556109387683754
0.14793747913061484
0.14094524082962098
