0.33109936366725934
0.37522383150174
0.41783490358537323
0.45625741980922574
0.48785270142377946
0.5110610104816233
0.5261677047610374
0.5351520650673964
0.5404849343875873
0.543740455712976
0.5450214246770235
0.5433956142464648
0.5378709313667587
0.5282111840042646
0.5151267675811432
0.49985130825780305
0.48350413024254024
0.4666891036248676
0.44952853403384885
0.43198624631243754
0.41416532914711157
0.39637540805784965
0.37899941290750483
0.36237024075750407
0.34678987201231615
0.33257076941170083
0.3199630817617372
0.3090566878419219
0.29975875404003277
0.2918452141884099
0.285046296545916
0.279123097482325
0.27390496334567077
0.26928395219865164
0.2651738976983033
0.2614504867789461
0.25789529572457776
0.2541808897413914
0.2499305130855514
0.24483845509183333
0.23878474723989707
0.23186592438489687
0.22432326717961246
0.21642423867493765
0.20837999186467387
0.20033432966844844
0.19239968454684583
0.18468944582345642
0.1773105444869126
0.17031015014529904
0.163614489462714
0.15701451004188463
0.15023995321067504
0.1430988335437262
0.13559281152776653
0.12792673799928206
0.12041453569476149
0.11335025388881143
0.10691856549130685
0.10117777163398829
0.09609371724962722
