0.4725111999559771
0.5428677457240685
0.6162335395507647
0.6901311674036068
0.760831390694244
0.8242226012194205
0.8780110075490423
0.9228519297177235
0.9605752684417869
0.991649628429689
1.0145186265655468
1.0267806974282478
1.0267845759987022
1.014499771573378
0.9913691346141335
0.9594884480856998
0.9207060997978218
0.8761298859838468
0.8262374551822316
0.7714916342810758
0.7130595757779221
0.6530149778996545
0.593620538160301
0.536326134444651
0.48161214302171085
0.42968846566056845
0.38106662328528185
0.3364788109487256
0.29646522846538176
0.26113184418067087
0.23017700396940322
0.20305987924282168
0.17923916722199287
0.1583868459884313
0.14040791027460328
0.1252428005900047
0.11268578776112598
0.10242100958962863
0.09416663665027282
0.08770333420330627
0.08278024695439663
0.07907844914321879
0.07629810804340514
0.07424203667927606
0.072793863932781
0.07184232256056214
0.07124539042601707
0.07085002030384548
0.0705225726521431
0.07015683648144484
0.06966124515647332
0.06894541114047914
0.06792917713630126
0.06657139022476707
0.06488948863425845
0.0629525040111486
0.06085588389462475
0.058693060217087686
0.05654355290778403
0.05447836645655921
0.052554703793933
