0.000133161  0.000136406  1.13132e-06
0.00014941   0.000150545  1.49109e-06
0.000165599  0.000163988  1.88786e-06
0.000180368  0.000176045  2.29177e-06
0.000192868  0.000186207  2.67055e-06
0.000202862  0.000194213  2.99601e-06
0.000207754  0.000199222  3.23779e-06
0.00021006   0.000201672  3.37045e-06
0.000210492  0.000202116  3.41022e-06
0.000210868  0.000201235  3.36041e-06
0.000210059  0.000198985  3.22725e-06
0.00020769   0.000195416  3.02724e-06
0.000204045  0.000190761  2.78237e-06
0.000199375  0.000185274  2.51397e-06
0.000193997  0.000179224  2.24015e-06
0.000188054  0.000172826  1.97555e-06
0.000181539  0.00016619   1.72987e-06
0.000174467  0.00015939   1.508e-06
0.000167461  0.000152592  1.31164e-06
0.000160183  0.000145869  1.14206e-06
0.000153001  0.00013944   1.0001e-06
0.00014562   0.000133398  8.84569e-07
0.000140486  0.00012841   7.94992e-07
0.000136201  0.000124216  7.25636e-07
0.000131418  0.000120475  6.69361e-07
0.000126715  0.000117207  6.21606e-07
0.000122225  0.000114264  5.78819e-07
0.000118874  0.000111805  5.42143e-07
0.000116067  0.000109664  5.11935e-07
0.000113466  0.000107767  4.88908e-07
0.000111339  0.000106318  4.76614e-07
0.000109116  0.000105253  4.75909e-07
0.000105491  0.000104123  4.85509e-07
0.000103404  0.000103716  5.06682e-07
0.000101895  0.00010373   5.35971e-07
0.000100513  0.000103835  5.67081e-07
9.91529e-05  0.000103828  5.94796e-07
9.76457e-05  0.000103509  6.13692e-07
9.59475e-05  0.000102761  6.20292e-07
9.39754e-05  0.00010151   6.13173e-07
9.17405e-05  9.9766e-05   5.93168e-07
8.92453e-05  9.75753e-05  5.62533e-07
8.65158e-05  9.50164e-05  5.2432e-07
8.38499e-05  9.22514e-05  4.82082e-07
8.07497e-05  8.92043e-05  4.37531e-07
7.76236e-05  8.60503e-05  3.93264e-07
7.46536e-05  8.29055e-05  3.51389e-07
7.15731e-05  7.96472e-05  3.10889e-07
6.89785e-05  7.64688e-05  2.73437e-07
6.58423e-05  7.31035e-05  2.38237e-07
6.28547e-05  6.9808e-05   2.06243e-07
6.03626e-05  6.67534e-05  1.78714e-07
5.82132e-05  6.38496e-05  1.5374e-07
5.55261e-05  6.07672e-05  1.30791e-07
5.28813e-05  5.78136e-05  1.1111e-07
5.04399e-05  5.50668e-05  9.45975e-08
4.83702e-05  5.26136e-05  8.12365e-08
4.64987e-05  5.03903e-05  7.04944e-08
4.42476e-05  4.81653e-05  6.12963e-08
4.17865e-05  4.60027e-05  5.36279e-08
3.99692e-05  4.42699e-05  4.80329e-08